STN#2  990010120    0 0    0 0    0 0    0 0    0 0    0 0    0 0    0 0    0 0    0 0    0 0    0 0    0 0   51 0    7 0    0 0    0 0    0 0    0 0    4 0    6 0    0 0    0 0    0 0    0 0    0 0  155 0   53 0  160 0    0 0    0 
STN#2  990020120    0 0    0 0   33 0    0 0    4 0    7 0    0 0   76 0    0 0    0 0    0 0    0 0   24 0  116 0    0 0    0 0   91 0  115 0    0 0    4 0    0 0   70 0   21 0  330 0   14 0  192 0    0 0  170 
STN#2  990030120    0 0   12 0    0 0    0 0  244 0   18 0    0 0  285 0    0 0   66 0    0 0    0 0    0 0  113 0    0 0    0 0   12 0    0 0    5 0    0 0    0 0    0 0    0 0  149 0  326 0   16 0    0 0    0 0    0 0    0 0    0 
STN#2  990040120    0 0    0 0    0 0    0 0    0 0    0 0  117 0    0 0    0 0   49 0    0 0    5 0    0 0    0 0    3 0    0 0    0 0    0 0    0 0  139 0   44 0    0 0    0 0  112 0    6 0   39 0  158 0    0 0    0 0    0 
STN#2  990050120    0 0    0 0    0 0    0 0   78 0    0 0    0 0    0 0    0 0    0 0    0 0    0 0    0 0  269 0   26 0    0 0    0 0    0 0    0 0    0 0    0 0    0 0   17 0    0 0   96 0   68 0    0 0    0 0  234 0   30 0   12 
STN#2  990060120  120 0    0 0    0 0    0 0    0 0    0 0   51 0  287 0    0 0    0 0    0 0    0 0    0 0    0 0  151 0    0 0    0 0   60 0  109 0   62 0   64 0  126 0    0 0    0 0    0 0  127 0    0 0    0 0    0 0    0 
STN#2  990070120    7 0   30 0    0 0   52 0    0 0   43 0   70 0   57 0   28 0   64 0   12 0  146 0    0 0   45 0    0 0    4 0   61 0    0 0   20 0    0 0   13 0  531 0    0 0    0 0   26 0   20 0   13 0    9 0    0 0   73 0   98 
STN#2  990080120  272 0   72 0    0 0    0 0   34 0   58 0   23 0    0 0    0 0   21 0  122 0    0 0    0 0    0 0    0 0    0 0    0 0    0 0    0 0    0 0  287 0    0 0    0 0    0 0    0 0    0 0  320 0    0 0    0 0    0 0    0 
STN#2  990090120    0 0    0 0    0 0    0 0    0 0    0 0    0 0   37 0   41 0    0 0    0 0    0 0    0 0    0 0    0 0    0 0    0 0  125 0   10 0    0 0    0 0  708 0    0 0    0 0    0 0    0 0   50 0  346 0    0 0    0 
STN#2  990100120    0 0    0 0    0 0  175 0  185 0    0 0  157 0   12 0    0 0    0 0    0 0    0 0   39 0    0 0    0 0    4 0    0 0    0 0    0 0    0 0    0 0  224 0    0 0    0 0    0 0    0 0    0 0    0 0    0 0    0 0    0 
STN#2  990110120    0 0    0 0    0 0    0 0    0 0    0 0    0 0    0 0    0 0    0 0    0 0    0 0    0 0    0 0    0 0    0 0    0 0  186 0    0 0    0 0    0 0    0 0    0 0    0 0  218 0    0 0    0 0    0 0    0 0    0 
STN#2  990120120  270 0  172 0    0 0   30 0    0 0    2 0  102 0    0 0  104 0  129 0    0 0    0 0    0 0    0 0    0 0  233 0  377 0   49 0  427 0    0 0    0 0    0 0    0 0    0 0    0 0    0 0    1 0  182 0    0 0    0 0    0 
STN#2  991010120    0 0   20 0    0 0    0 0    0 0    0 0    5 0  163 0   58 0    0 0  493 0    0 0    0 0    0 0    0 0    0 0    0 0    0 0    0 0    0 0    0 0    0 0    0 0    0 0    0 0    2 0    0 0   21 0  206 0    0 0    0 
STN#2  991020120    0 0    0 0    0 0    0 0    0 0    0 0    0 0    0 0   28 0  430 0   12 0   50 0    0 0   83 0    0 0    0 0    7 0    0 0    0 0    0 0    0 0    0 0    0 0  204 0    0 0    0 0   64 0  354 
STN#2  991030120    0 0    0 0    0 0   11 0    0 0  558 0  106 0    0 0    0 0    0 0    0 0   58 0    0 0    0 0  108 0    0 0   59 0    0 0   17 0   81 0  115 0    0 0    0 0    0 0   49 0 1021 0    0 0    0 0    0 0  107 0  194 
STN#2  991040120    0 0    0 0    0 0    0 0    0 0  110 0    0 0    0 0    0 0    0 0    0 0    0 0    0 0    0 0    0 0    0 0    0 0    0 0  291 0  147 0    0 0    0 0  114 0   51 0  264 0    0 0    0 0    0 0    0 0    0 
STN#2  991050120  336 0  138 0    0 0    0 0    0 0  118 0   44 0    0 0  142 0    0 0  703 0  422 0   65 0   26 0    0 0  607 0   11 0    0 0    0 0    0 0    0 0    0 0   28 0    0 0    0 0    6 0    0 0    0 0    0 0    0 0    0 
STN#2  991060120    0 0    0 0    0 0    0 0    0 0  144 0  374 0    0 0  294 0    0 0  172 0  147 0  179 0    0 0   42 0    0 0    0 0  199 0   22 0  298 0   15 0   13 0    1 0   25 0    0 0    0 0    0 0    0 0    0 0    0 
STN#2  991070120   96 0  202 0  361 0   23 0    0 0   59 0   24 0    0 0    0 0    0 0    0 0    0 0    0 0    0 0    0 0   50 0   72 0    0 0    0 0   99 0  118 0  406 0   36 0   45 0    0 0    0 0  257 0    0 0    0 0    0 0    0 
STN#2  991080120   10 0    0 0    0 0    0 0    0 0    0 0    0 0    1 0    0 0    0 0    0 0    0 0    0 0    0 0    0 0    0 0   56 0    0 0    0 0    0 0    0 0    0 0    0 0    0 0    0 0    0 0    0 0    0 0    0 0    0 0    6 
STN#2  991090120    0 0    0 0    0 0    0 0    0 0    0 0  154 0    0 0    0 0    0 0    0 0    0 0    0 0    8 0   84 0  157 0    0 0    0 0   13 0    0 0    0 0    0 0  202 0   15 0  593 0   25 0  155 0    0 0    0 0    0 
STN#2  991100120  466 0  161 0  376 0    0 0    0 0    0 0    0 0    0 0   33 0    0 0    0 0    0 0    0 0    0 0    0 0    0 0    0 0    0 0    0 0    0 0    0 0    0 0    0 0    2 0    0 0    0 0    0 0   44 0   70 0  169 0   70 
STN#2  991110120    0 0    0 0    0 0    0 0    0 0    0 0    0 0    0 0    0 0    0 0    0 0    0 0    0 0    0 0   36 0    0 0    0 0   32 0  145 0    0 0    0 0    0 0    0 0    0 0    0 0    0 0   12 0  152 0    0 0    0 
STN#2  991120120  121 0   63 0    0 0    0 0    0 0    0 0    0 0    0 0    0 0    0 0    0 0    0 0    0 0    0 0    0 0    0 0    0 0    0 0   36 0    0 0   44 0    0 0   73 0   36 0    0 0    0 0    0 0    0 0    0 0    0 0  129 
 
