STN#2  990010030   66 0   45 0   41 0    8 0   45 0  105 0   58 0   64 0   76 0   26 0   59 0   20 0   22 0    0 -   35 0    0 0   39 0   57 0  142 0  168 0  199 0  142 0  194 0  204 0  144 0  113 0  114 0  108 0   95 0  146 0  118 
STN#2  990020030   73 0   57 0   91 0   38 0   39 0   65 0  137 0  139 0  125 0  171 0  155 0  157 0  178 0  147 0  145 0  133 0  133 0  130 0   98 0  133 0  117 0   75 0   57 0   89 0   58 0   75 0  116 0  120 
STN#2  990030030  106 0   37 0   10 0   96 0  106 0   69 0   55 0  128 0   64 0   80 0   57 0   45 0   32 0   66 0  105 0  149 0  116 0   83 0  143 0  214 0  150 0  136 0  121 0  120 0  176 0  193 0  206 0  156 0  171 0  199 0  202 
STN#2  990040030  160 0  231 0  209 0  128 0  120 0   82 0   86 0  115 0   62 0  176 0  116 0  112 0  147 0  185 0  153 0  188 0  234 0  249 0  275 0  258 0  266 0  194 0  178 0  169 0  175 0  164 0  187 0  154 0  154 0  187 
STN#2  990050030  169 0  186 0  186 0  224 0  215 0  231 0  210 0  199 0  229 0  183 0  200 0  221 0  222 0  198 0  238 0  215 0  199 0  211 0  219 0  207 0  176 0  214 0  214 0  171 0  193 0  177 0  218 0  233 0  226 0  259 0  251 
STN#2  990060030  253 0  301 0  262 0  230 0  241 0  267 0  264 0  261 0  263 0  263 0  274 0  276 0  239 0  224 0  225 0  243 0  273 0  288 0  250 0  263 0  267 0  271 0  268 0  272 0  273 0  278 0  266 0  260 0  270 0  271 
STN#2  990070030  254 0  254 0  254 0  254 0  273 0  279 0  275 0  284 0  287 0  280 0  275 0  271 0  293 0  297 0  304 0  293 0  285 0  293 0  284 0  296 0  290 0  295 0  295 0  279 0  270 0  270 0  260 0  246 0  245 0  235 0  244 
STN#2  990080030  254 0  256 0  248 0  242 0  239 0  253 0  268 0  278 0  286 0  297 0  280 0  290 0  258 0  238 0  236 0  217 0  231 0  263 0  247 0  224 0  259 0  260 0  264 0  264 0  263 0  249 0  243 0  235 0  221 0  220 0  211 
STN#2  990090030  211 0  220 0  225 0  250 0  199 0  198 0  194 0  194 0  193 0  199 0  207 0  212 0  167 0  183 0  207 0  193 0  248 0  233 0  235 0  233 0  236 0  224 0  219 0  239 0  228 0  201 0  243 0  232 0  259 0  229 
STN#2  990100030  214 0  198 0  196 0  240 0  189 0  229 0  248 0  220 0  249 0  250 0  242 0  242 0  186 0  168 0  184 0  194 0  151 0  172 0  159 0  140 0  182 0  129 0  119 0  116 0  126 0  183 0  193 0  169 0  178 0  161 0  191 
STN#2  990110030  195 0  160 0  166 0  195 0  174 0  194 0  172 0  189 0  202 0  218 0  225 0  210 0  190 0  161 0  215 0  208 0  174 0  109 0  155 0  154 0   90 0   86 0   57 0   70 0  110 0  146 0   85 0   87 0  157 0   87 
STN#2  990120030  131 0   82 0  111 0   63 0   74 0  119 0   86 0   99 0  126 0   62 0   13 -    7 -   46 -   57 0   39 0  108 0  143 0   64 0   31 -   40 -   25 0   63 0  123 0  167 0  158 0  143 0  137 0  192 0  169 0  176 0  116 
STN#2  991010030  115 0   68 0   66 0   57 0   85 0  114 0  114 0   57 -    7 0    0 -   56 0    3 -   64 -   58 -   32 0    1 0   36 0   63 0   80 0   50 0   79 0   38 0   56 0   12 0   15 -   24 0   50 0   63 0   24 0   10 0   51 
STN#2  991020030   86 0   50 0   29 0   65 0   44 0   53 0   87 0  102 0  149 0  125 0  106 0  115 0   52 0    7 0   63 0   91 0   16 0   25 0   66 0   76 0   73 0   38 0   67 0   77 0   52 0   47 0   86 0   47 
STN#2  991030030   42 0   58 0   21 0   22 0   10 0   95 0  156 0  153 0  144 0  117 0  101 0  143 0  175 0  187 0  122 0  145 0  175 0  147 0   76 0   58 0   54 0   98 0  103 0  185 0  218 0  206 0  220 0  157 0  176 0  166 0  190 
STN#2  991040030  168 0  178 0  197 0  179 0  135 0  136 0  139 0  157 0  171 0  147 0  194 0  265 0  234 0  253 0  202 0  170 0  131 0  175 0  191 0  136 0  194 0  210 0  237 0  266 0  227 0  171 0  169 0  133 0  209 0  203 
STN#2  991050030  184 0  208 0  153 0  207 0  242 0  192 0  200 0  222 0  225 0  213 0  215 0  206 0  187 0  152 0  136 0  121 0  134 0  160 0  164 0  207 0  211 0  241 0  227 0  207 0  208 0  213 0  218 0  226 0  177 0  207 0  223 
STN#2  991060030  219 0  206 0  190 0  187 0  240 0  243 0  251 0  256 0  275 0  271 0  261 0  262 0  244 0  240 0  224 0  223 0  215 0  212 0  239 0  251 0  261 0  276 0  266 0  273 0  263 0  246 0  250 0  262 0  278 0  295 
STN#2  991070030  267 0  278 0  271 0  271 0  284 0  280 0  267 0  284 0  292 0  294 0  306 0  287 0  293 0  270 0  269 0  264 0  260 0  276 0  269 0  259 0  263 0  267 0  281 0  276 0  289 0  282 0  278 0  265 0  282 0  279 0  269 
STN#2  991080030  279 0  270 0  274 0  280 0  274 0  265 0  257 0  271 0  292 0  297 0  266 0  275 0  264 0  279 0  254 0  260 0  243 0  266 0  266 0  263 0  241 0  259 0  276 0  264 0  249 0  241 0  241 0  255 0  244 0  235 0  261 
STN#2  991090030  288 0  300 0  289 0  281 0  273 0  268 0  253 0  242 0  247 0  256 0  249 0  281 0  303 0  262 0  216 0  214 0  232 0  215 0  208 0  211 0  223 0  190 0  226 0  235 0  236 0  189 0  210 0  211 0  189 0  183 
STN#2  991100030  151 0  147 0  188 0  150 0  168 0  158 0  176 0  177 0  166 0  165 0  141 0  162 0  197 0  233 0  269 0  244 0  238 0  219 0  237 0  225 0  217 0  189 0  146 0  128 0  139 0  167 0  177 0  150 0  114 0  105 0  117 
STN#2  991110030  130 0  100 0  112 0  162 0  157 0  158 0  140 0  162 0   68 0  134 0  145 0  117 0   64 0  103 0  131 0  153 0  119 0  114 0  140 0  137 0  130 0  141 0   63 0   22 0  113 0   88 0  133 0  172 0  184 0  157 
STN#2  991120030  170 0  174 0  220 0  130 0   80 0  111 0  122 0   35 -   15 -   37 0    2 -   31 -   24 0   19 -   12 0   17 0   79 0   24 -   23 0   22 0   34 0   72 0   94 0   77 0   59 0   21 -   20 -   54 0    8 0   97 0  107 
 
