STN#2  99001012   0   0   0   0   0   0   0   0   0   0   0   0   0  51   7   0   0   0   0   4   6   0   0   0   0   0 155  53 160   0   0
STN#2  99002012   0   0  33   0   4   7   0  76   0   0   0   0  24 116   0   0  91 115   0   4   0  70  21 330  14 192   0 170
STN#2  99003012   0  12   0   0 244  18   0 285   0  66   0   0   0 113   0   0  12   0   5   0   0   0   0 149 326  16   0   0   0   0   0
STN#2  99004012   0   0   0   0   0   0 117   0   0  49   0   5   0   0   3   0   0   0   0 139  44   0   0 112   6  39 158   0   0   0
STN#2  99005012   0   0   0   0  78   0   0   0   0   0   0   0   0 269  26   0   0   0   0   0   0   0  17   0  96  68   0   0 234  30  12
STN#2  99006012 120   0   0   0   0   0  51 287   0   0   0   0   0   0 151   0   0  60 109  62  64 126   0   0   0 127   0   0   0   0
STN#2  99007012   7  30   0  52   0  43  70  57  28  64  12 146   0  45   0   4  61   0  20   0  13 531   0   0  26  20  13   9   0  73  98
STN#2  99008012 272  72   0   0  34  58  23   0   0  21 122   0   0   0   0   0   0   0   0   0 287   0   0   0   0   0 320   0   0   0   0
STN#2  99009012   0   0   0   0   0   0   0  37  41   0   0   0   0   0   0   0   0 125  10   0   0 708   0   0   0   0  50 346   0   0
STN#2  99010012   0   0   0 175 185   0 157  12   0   0   0   0  39   0   0   4   0   0   0   0   0 224   0   0   0   0   0   0   0   0   0
STN#2  99011012   0   0   0   0   0   0   0   0   0   0   0   0   0   0   0   0   0 186   0   0   0   0   0   0 218   0   0   0   0   0
STN#2  99012012 270 172   0  30   0   2 102   0 104 129   0   0   0   0   0 233 377  49 427   0   0   0   0   0   0   0   1 182   0   0   0
STN#2  99101012   0  20   0   0   0   0   5 163  58   0 493   0   0   0   0   0   0   0   0   0   0   0   0   0   0   2   0  21 206   0   0
STN#2  99102012   0   0   0   0   0   0   0   0  28 430  12  50   0  83   0   0   7   0   0   0   0   0   0 204   0   0  64 354
STN#2  99103012   0   0   0  11   0 558 106   0   0   0   0  58   0   0 108   0  59   0  17  81 115   0   0   0  491021   0   0   0 107 194
STN#2  99104012   0   0   0   0   0 110   0   0   0   0   0   0   0   0   0   0   0   0 291 147   0   0 114  51 264   0   0   0   0   0
STN#2  99105012 336 138   0   0   0 118  44   0 142   0 703 422  65  26   0 607  11   0   0   0   0   0  28   0   0   6   0   0   0   0   0
STN#2  99106012   0   0   0   0   0 144 374   0 294   0 172 147 179   0  42   0   0 199  22 298  15  13   1  25   0   0   0   0   0   0
STN#2  99107012  96 202 361  23   0  59  24   0   0   0   0   0   0   0   0  50  72   0   0  99 118 406  36  45   0   0 257   0   0   0   0
STN#2  99108012  10   0   0   0   0   0   0   1   0   0   0   0   0   0   0   0  56   0   0   0   0   0   0   0   0   0   0   0   0   0   6
STN#2  99109012   0   0   0   0   0   0 154   0   0   0   0   0   0   8  84 157   0   0  13   0   0   0 202  15 593  25 155   0   0   0
STN#2  99110012 466 161 376   0   0   0   0   0  33   0   0   0   0   0   0   0   0   0   0   0   0   0   0   2   0   0   0  44  70 169  70
STN#2  99111012   0   0   0   0   0   0   0   0   0   0   0   0   0   0  36   0   0  32 145   0   0   0   0   0   0   0  12 152   0   0
STN#2  99112012 121  63   0   0   0   0   0   0   0   0   0   0   0   0   0   0   0   0  36   0  44   0  73  36   0   0   0   0   0   0 129
 
